1.000000000000000000e+01
1.172102297533479920e+01
1.373823795883263088e+01
1.610262027560939302e+01
1.887391822135097641e+01
2.212216291070449259e+01
2.592943797404667094e+01
3.039195382313198124e+01
3.562247890262442240e+01
4.175318936560400118e+01
4.893900918477493889e+01
5.736152510448678754e+01
6.723357536499334230e+01
7.880462815669912402e+01
9.236708571873860762e+01
1.082636733874054045e+02
1.268961003167922144e+02
1.487352107293511665e+02
1.743328822199987371e+02
2.043359717856941700e+02
2.395026619987486072e+02
2.807216203941175650e+02
3.290344562312667449e+02
3.856620421163472088e+02
4.520353656360240393e+02
5.298316906283707795e+02
6.210169418915616006e+02
7.278953843983146044e+02
8.531678524172805282e+02
1.000000000000000000e+03
