1.016000000000000014e+00
8.668207199999999890e-01
7.395413199999999465e-01
6.309512400000000243e-01
5.383072800000000546e-01
4.592675599999999636e-01
3.918305599999999944e-01
3.342995599999999956e-01
2.852115199999999962e-01
2.433370799999999834e-01
2.076043599999999878e-01
1.771243599999999807e-01
1.511147599999999869e-01
1.289253200000000099e-01
1.099972399999999961e-01
9.384283999999999681e-02
8.006588000000000593e-02
6.831075999999999815e-02
5.827775999999999790e-02
4.972304000000000307e-02
4.242308000000000190e-02
3.618992000000000042e-02
3.087623999999999924e-02
2.634488000000000107e-02
2.247392000000000140e-02
1.917700000000000307e-02
1.636267999999999750e-02
1.395984000000000114e-02
1.190751999999999956e-02
1.016000000000000063e-02
