# x	y	u	v	mask
  0.2590	  6.6929	  1.0047	 -0.0269	  0.0000
  0.4973	  6.6929	  1.1713	 -1.4147	  0.0000
  0.7356	  6.6929	 -2.6619	 -1.4394	  0.0000
  0.9739	  6.6929	 -0.0328	 -0.0496	  0.0000
  1.2122	  6.6929	 -0.2066	 -0.0928	  1.0000
  1.4505	  6.6929	 -0.0615	 -0.0856	  0.0000
  1.6888	  6.6929	 -0.2351	 -0.0112	  0.0000
  1.9271	  6.6929	 -0.1933	 -0.0416	  0.0000
  2.1654	  6.6929	 -0.0612	 -0.0652	  0.0000
  2.4036	  6.6929	 -0.0716	 -0.0750	  0.0000
  2.6419	  6.6929	 -0.1695	 -0.0518	  0.0000
  2.8802	  6.6929	 -0.1770	 -0.0197	  0.0000
  3.1185	  6.6929	 -0.3403	 -0.0990	  0.0000
  3.3568	  6.6929	 -0.5698	 -0.0204	  0.0000
  3.5951	  6.6929	 -0.6648	 -0.1661	  1.0000
  3.8334	  6.6929	 -0.9255	 -0.5529	  0.0000
  4.0717	  6.6929	 -0.5445	  0.0408	  0.0000
  4.3100	  6.6929	 -0.5507	  0.4115	  0.0000
  4.5483	  6.6929	 -0.3634	  0.3063	  0.0000
  4.7866	  6.6929	 -0.5090	  0.2484	  0.0000
  5.0249	  6.6929	 -0.5443	  0.4959	  1.0000
  5.2632	  6.6929	 -0.4148	  0.0929	  0.0000
  5.5015	  6.6929	  0.0366	  0.4299	  0.0000
  5.7397	  6.6929	 -0.0251	  0.7070	  0.0000
  5.9780	  6.6929	 -0.1215	  0.4132	  1.0000
  6.2163	  6.6929	  0.2374	  0.5704	  0.0000
  6.4546	  6.6929	 -0.0024	  0.3798	  1.0000
  6.6929	  6.6929	  0.4043	  0.0693	  0.0000
  0.2590	  6.4546	  0.4518	 -0.3602	  0.0000
  0.4973	  6.4546	  0.2153	  0.2239	  0.0000
  0.7356	  6.4546	 -0.0791	  0.0148	  1.0000
  0.9739	  6.4546	 -0.0813	  0.0057	  0.0000
  1.2122	  6.4546	 -0.0008	 -0.0439	  0.0000
  1.4505	  6.4546	 -0.1250	 -0.2438	  0.0000
  1.6888	  6.4546	 -0.0830	 -0.0330	  0.0000
  1.9271	  6.4546	 -0.0400	 -0.1024	  0.0000
  2.1654	  6.4546	 -0.0960	 -0.0382	  0.0000
  2.4036	  6.4546	 -0.1342	 -0.0766	  0.0000
  2.6419	  6.4546	 -0.2169	 -0.1453	  0.0000
  2.8802	  6.4546	  1.4912	 -1.6167	  0.0000
  3.1185	  6.4546	 -0.0994	 -1.4347	  0.0000
  3.3568	  6.4546	 -0.4147	 -0.3475	  1.0000
  3.5951	  6.4546	 -0.5574	 -0.0347	  0.0000
  3.8334	  6.4546	 -0.8382	 -0.0538	  0.0000
  4.0717	  6.4546	 -0.6427	  0.0028	  0.0000
  4.3100	  6.4546	 -0.5678	  0.1162	  0.0000
  4.5483	  6.4546	 -0.6928	  0.2152	  0.0000
  4.7866	  6.4546	 -0.5723	  0.3889	  0.0000
  5.0249	  6.4546	 -0.1186	  0.5532	  0.0000
  5.2632	  6.4546	 -0.4320	  0.3713	  0.0000
  5.5015	  6.4546	 -0.1627	  0.5335	  0.0000
  5.7397	  6.4546	 -0.2207	  0.4504	  0.0000
  5.9780	  6.4546	 -0.4160	 -0.0153	  0.0000
  6.2163	  6.4546	  0.6370	  0.1657	  0.0000
  6.4546	  6.4546	  0.5514	  0.1764	  0.0000
  6.6929	  6.4546	 -0.0088	  0.3821	  1.0000
  0.2590	  6.2163	  0.2126	  0.6182	  0.0000
  0.4973	  6.2163	 -0.0727	  0.0202	  1.0000
  0.7356	  6.2163	 -2.6286	  1.2215	  0.0000
  0.9739	  6.2163	 -0.0370	 -0.0266	  0.0000
  1.2122	  6.2163	  0.0008	 -0.0540	  0.0000
  1.4505	  6.2163	 -0.1536	 -0.1112	  0.0000
  1.6888	  6.2163	 -0.0512	 -0.0250	  0.0000
  1.9271	  6.2163	 -0.0793	 -0.0594	  0.0000
  2.1654	  6.2163	 -0.0665	 -0.0825	  0.0000
  2.4036	  6.2163	  0.0949	 -0.0275	  0.0000
  2.6419	  6.2163	 -0.1196	 -0.3108	  0.0000
  2.8802	  6.2163	 -0.4686	 -0.4736	  0.0000
  3.1185	  6.2163	 -0.5543	 -0.3406	  0.0000
  3.3568	  6.2163	 -0.4728	 -0.4763	  0.0000
  3.5951	  6.2163	 -1.1137	 -0.1350	  0.0000
  3.8334	  6.2163	 -1.0924	 -0.0275	  0.0000
  4.0717	  6.2163	 -0.8801	  0.0469	  0.0000
  4.3100	  6.2163	 -0.8805	  0.3374	  0.0000
  4.5483	  6.2163	 -0.7589	  0.4667	  0.0000
  4.7866	  6.2163	 -0.7910	  0.5540	  0.0000
  5.0249	  6.2163	 -0.5392	  0.5635	  0.0000
  5.2632	  6.2163	 -0.5735	  0.5646	  0.0000
  5.5015	  6.2163	 -0.4789	  0.5392	  0.0000
  5.7397	  6.2163	 -0.2678	  0.5844	  0.0000
  5.9780	  6.2163	 -0.4497	  0.0793	  0.0000
  6.2163	  6.2163	 -0.8014	 -0.0467	  0.0000
  6.4546	  6.2163	  0.6465	  1.0244	  0.0000
  6.6929	  6.2163	  0.5496	  0.7684	  0.0000
  0.2590	  5.9780	  1.0033	  2.5960	  0.0000
  0.4973	  5.9780	  0.1003	  0.0382	  0.0000
  0.7356	  5.9780	 -0.0116	 -0.0071	  0.0000
  0.9739	  5.9780	 -0.0392	 -0.0736	  0.0000
  1.2122	  5.9780	 -0.0470	 -0.1184	  0.0000
  1.4505	  5.9780	 -0.1267	  0.0366	  0.0000
  1.6888	  5.9780	 -0.0767	 -0.0542	  0.0000
  1.9271	  5.9780	 -0.1470	 -0.0691	  0.0000
  2.1654	  5.9780	 -0.0517	 -0.0379	  0.0000
  2.4036	  5.9780	  2.8620	  1.1341	  0.0000
  2.6419	  5.9780	 -0.8949	 -0.4949	  0.0000
  2.8802	  5.9780	 -0.8959	 -0.6320	  0.0000
  3.1185	  5.9780	 -0.6316	 -0.4811	  0.0000
  3.3568	  5.9780	 -1.0930	 -0.0183	  0.0000
  3.5951	  5.9780	 -1.3219	  0.1394	  0.0000
  3.8334	  5.9780	 -1.2738	  0.1593	  0.0000
  4.0717	  5.9780	 -1.2508	  0.2186	  0.0000
  4.3100	  5.9780	 -1.2917	  0.8190	  0.0000
  4.5483	  5.9780	 -0.9958	  0.5171	  0.0000
  4.7866	  5.9780	 -0.9086	  0.7351	  0.0000
  5.0249	  5.9780	 -0.8590	  0.8113	  0.0000
  5.2632	  5.9780	 -0.7170	  0.7080	  0.0000
  5.5015	  5.9780	 -0.6103	  0.7329	  0.0000
  5.7397	  5.9780	 -0.4315	  0.6317	  0.0000
  5.9780	  5.9780	 -0.6536	  0.5863	  0.0000
  6.2163	  5.9780	 -0.4538	  0.1824	  0.0000
  6.4546	  5.9780	 -0.1998	  0.2547	  0.0000
  6.6929	  5.9780	  0.9735	  0.2338	  0.0000
  0.2590	  5.7397	  0.0317	  0.0051	  0.0000
  0.4973	  5.7397	 -0.0470	 -0.0956	  0.0000
  0.7356	  5.7397	 -0.0622	 -0.0322	  0.0000
  0.9739	  5.7397	 -0.0025	 -0.0621	  0.0000
  1.2122	  5.7397	 -0.0968	 -0.0623	  0.0000
  1.4505	  5.7397	  0.0089	  0.0650	  0.0000
  1.6888	  5.7397	 -1.4169	 -2.4194	  0.0000
  1.9271	  5.7397	 -0.0458	 -0.2178	  1.0000
  2.1654	  5.7397	 -0.1331	 -0.2114	  0.0000
  2.4036	  5.7397	 -0.1412	 -0.5137	  1.0000
  2.6419	  5.7397	 -0.9719	 -0.6699	  0.0000
  2.8802	  5.7397	 -1.1236	 -0.5633	  0.0000
  3.1185	  5.7397	 -0.8504	 -0.3694	  0.0000
  3.3568	  5.7397	 -1.3763	 -0.1587	  0.0000
  3.5951	  5.7397	 -1.5825	 -0.1375	  0.0000
  3.8334	  5.7397	  8.8880	 -3.0599	  0.0000
  4.0717	  5.7397	 -0.7746	  0.1267	  1.0000
  4.3100	  5.7397	 -1.5283	  0.3953	  0.0000
  4.5483	  5.7397	 -1.2328	  0.5087	  0.0000
  4.7866	  5.7397	 -1.2266	  0.5577	  0.0000
  5.0249	  5.7397	 -0.8985	  0.8015	  0.0000
  5.2632	  5.7397	 -0.6977	  0.8474	  0.0000
  5.5015	  5.7397	 -0.5104	  0.8496	  0.0000
  5.7397	  5.7397	 -0.4541	  0.9259	  0.0000
  5.9780	  5.7397	 -0.2501	  0.7999	  0.0000
  6.2163	  5.7397	 -0.4484	  0.6619	  0.0000
  6.4546	  5.7397	 -0.1788	  0.5464	  0.0000
  6.6929	  5.7397	 -0.1947	  0.4110	  0.0000
  0.2590	  5.5015	 -0.1151	 -0.0426	  0.0000
  0.4973	  5.5015	 -0.0595	  0.0764	  1.0000
  0.7356	  5.5015	 -0.0569	 -0.0911	  0.0000
  0.9739	  5.5015	  0.0030	 -0.0390	  0.0000
  1.2122	  5.5015	 -0.0367	 -0.0807	  0.0000
  1.4505	  5.5015	  0.0555	 -0.1603	  0.0000
  1.6888	  5.5015	  8.3644	 11.6037	  0.0000
  1.9271	  5.5015	 -0.8930	 -2.1465	  0.0000
  2.1654	  5.5015	 -0.1063	 -0.2573	  0.0000
  2.4036	  5.5015	 -0.3564	 -0.6196	  1.0000
  2.6419	  5.5015	 -1.3388	 -0.7017	  0.0000
  2.8802	  5.5015	 -1.4750	 -0.5384	  0.0000
  3.1185	  5.5015	 -0.3067	 -0.5710	  1.0000
  3.3568	  5.5015	 -1.7471	 -0.4668	  0.0000
  3.5951	  5.5015	 -1.8930	 -0.1971	  0.0000
  3.8334	  5.5015	  5.8380	  1.2781	  0.0000
  4.0717	  5.5015	 -1.9636	  0.4803	  0.0000
  4.3100	  5.5015	 -1.7584	  0.5460	  0.0000
  4.5483	  5.5015	 -1.7906	  0.6177	  0.0000
  4.7866	  5.5015	 -1.4364	  0.6951	  0.0000
  5.0249	  5.5015	 -1.3054	  0.8679	  0.0000
  5.2632	  5.5015	 -1.1363	  0.8931	  0.0000
  5.5015	  5.5015	 -0.7950	  0.9683	  0.0000
  5.7397	  5.5015	 -0.6166	  0.9436	  0.0000
  5.9780	  5.5015	 -0.2744	  1.0721	  0.0000
  6.2163	  5.5015	 -0.3883	  0.8409	  0.0000
  6.4546	  5.5015	 -0.2302	  0.6467	  0.0000
  6.6929	  5.5015	 -0.2624	  0.3768	  0.0000
  0.2590	  5.2632	 -0.0430	 -0.0853	  0.0000
  0.4973	  5.2632	 -0.0106	 -0.0468	  0.0000
  0.7356	  5.2632	 -0.0103	 -0.1178	  0.0000
  0.9739	  5.2632	 -0.0168	 -0.0303	  0.0000
  1.2122	  5.2632	 -0.0155	 -0.0843	  0.0000
  1.4505	  5.2632	 -0.0301	 -0.1457	  0.0000
  1.6888	  5.2632	  1.6264	 -1.2128	  0.0000
  1.9271	  5.2632	 -0.6368	 -1.0079	  0.0000
  2.1654	  5.2632	 -0.1046	 -2.6535	  0.0000
  2.4036	  5.2632	 -1.2839	 -2.7569	  0.0000
  2.6419	  5.2632	 -2.0587	  0.8432	  0.0000
  2.8802	  5.2632	 -0.6491	 -0.8415	  1.0000
  3.1185	  5.2632	 -0.4797	 -0.6760	  1.0000
  3.3568	  5.2632	 -1.8420	 -0.4486	  0.0000
  3.5951	  5.2632	  2.8080	 -6.4136	  0.0000
  3.8334	  5.2632	 -0.9433	  0.2600	  1.0000
  4.0717	  5.2632	 -1.0284	  0.5442	  1.0000
  4.3100	  5.2632	 -2.0583	  0.4520	  0.0000
  4.5483	  5.2632	 -2.1542	  0.5939	  0.0000
  4.7866	  5.2632	 -1.5501	  0.9979	  0.0000
  5.0249	  5.2632	 -1.4958	  1.1164	  0.0000
  5.2632	  5.2632	 -1.1753	  1.1255	  0.0000
  5.5015	  5.2632	 -0.9865	  1.1338	  0.0000
  5.7397	  5.2632	 -0.3379	  1.2254	  0.0000
  5.9780	  5.2632	  0.0144	  1.1120	  0.0000
  6.2163	  5.2632	 -0.5073	  0.8918	  0.0000
  6.4546	  5.2632	 -0.2164	  0.9440	  0.0000
  6.6929	  5.2632	 -0.2237	  0.7495	  0.0000
  0.2590	  5.0249	 -0.0905	  0.8064	  0.0000
  0.4973	  5.0249	  0.0323	 -0.1187	  0.0000
  0.7356	  5.0249	  0.0081	 -0.1761	  0.0000
  0.9739	  5.0249	 -0.0285	 -0.0554	  0.0000
  1.2122	  5.0249	  0.1097	 -0.0999	  0.0000
  1.4505	  5.0249	  0.0303	 -0.3292	  0.0000
  1.6888	  5.0249	 -0.1274	 -0.6257	  1.0000
  1.9271	  5.0249	 -0.7869	 -1.2374	  0.0000
  2.1654	  5.0249	  0.1097	 -1.3753	  0.0000
  2.4036	  5.0249	 -1.2466	 -1.1977	  0.0000
  2.6419	  5.0249	 -1.2281	 -1.5210	  0.0000
  2.8802	  5.0249	  2.7915	 -6.3844	  0.0000
  3.1185	  5.0249	 -1.8872	 -0.9147	  0.0000
  3.3568	  5.0249	 -0.7534	 -0.3982	  1.0000
  3.5951	  5.0249	  2.6073	  1.3950	  0.0000
  3.8334	  5.0249	 -2.2084	  0.2627	  0.0000
  4.0717	  5.0249	 -2.2216	  0.7256	  0.0000
  4.3100	  5.0249	 -2.1895	  0.8774	  0.0000
  4.5483	  5.0249	 -2.2252	  1.0946	  0.0000
  4.7866	  5.0249	 -2.1450	  1.2976	  0.0000
  5.0249	  5.0249	 -1.5266	  1.3352	  0.0000
  5.2632	  5.0249	 -1.3912	  1.3325	  0.0000
  5.5015	  5.0249	 -0.9788	  1.2655	  0.0000
  5.7397	  5.0249	 -0.7002	  1.3523	  0.0000
  5.9780	  5.0249	  0.0726	  1.1332	  0.0000
  6.2163	  5.0249	 -0.4216	  1.0371	  0.0000
  6.4546	  5.0249	 -0.2587	  1.0018	  0.0000
  6.6929	  5.0249	 -0.2199	  0.7575	  0.0000
  0.2590	  4.7866	 -0.0395	 -0.0419	  0.0000
  0.4973	  4.7866	  0.0375	 -0.0754	  0.0000
  0.7356	  4.7866	  0.0369	 -0.0955	  0.0000
  0.9739	  4.7866	 -0.0119	 -0.3530	  0.0000
  1.2122	  4.7866	 -0.0862	 -0.5473	  0.0000
  1.4505	  4.7866	 -0.1038	 -0.5398	  1.0000
  1.6888	  4.7866	 -0.0240	 -0.1556	  0.0000
  1.9271	  4.7866	 -0.3949	 -0.8589	  1.0000
  2.1654	  4.7866	 -2.7000	 -1.2713	  0.0000
  2.4036	  4.7866	 -1.3102	 -1.7566	  0.0000
  2.6419	  4.7866	 -1.5903	 -1.7376	  0.0000
  2.8802	  4.7866	 -1.7855	 -1.6483	  0.0000
  3.1185	  4.7866	 -1.8587	 -1.2553	  0.0000
  3.3568	  4.7866	  3.0212	  2.9633	  0.0000
  3.5951	  4.7866	  2.8029	  2.8767	  0.0000
  3.8334	  4.7866	 -2.5147	  0.6100	  0.0000
  4.0717	  4.7866	 -2.5629	  1.1396	  0.0000
  4.3100	  4.7866	 -2.1558	  1.8832	  0.0000
  4.5483	  4.7866	 -2.5067	  2.2682	  0.0000
  4.7866	  4.7866	 -1.9853	  1.8829	  0.0000
  5.0249	  4.7866	 -1.5408	  1.5545	  0.0000
  5.2632	  4.7866	 -1.7226	  1.4934	  0.0000
  5.5015	  4.7866	 -0.9554	  1.5143	  0.0000
  5.7397	  4.7866	 -0.8146	  1.3268	  0.0000
  5.9780	  4.7866	 -0.5265	  1.2381	  0.0000
  6.2163	  4.7866	 -0.4616	  1.2945	  0.0000
  6.4546	  4.7866	 -0.2903	  1.0462	  0.0000
  6.6929	  4.7866	 -0.1922	  0.8733	  0.0000
  0.2590	  4.5483	  0.0187	 -0.1118	  0.0000
  0.4973	  4.5483	  0.0256	 -0.0520	  0.0000
  0.7356	  4.5483	  0.0356	 -0.0961	  0.0000
  0.9739	  4.5483	  0.0794	 -0.0631	  0.0000
  1.2122	  4.5483	 -0.0797	 -0.7262	  1.0000
  1.4505	  4.5483	  0.0481	 -1.3910	  0.0000
  1.6888	  4.5483	  0.0259	 -0.2427	  0.0000
  1.9271	  4.5483	 -0.5141	 -1.3152	  1.0000
  2.1654	  4.5483	 -0.6375	 -2.1133	  0.0000
  2.4036	  4.5483	 -0.9079	 -2.1361	  0.0000
  2.6419	  4.5483	 -1.5937	 -1.9919	  0.0000
  2.8802	  4.5483	 -1.7241	 -1.5961	  0.0000
  3.1185	  4.5483	 -0.6745	 -0.9053	  1.0000
  3.3568	  4.5483	 -0.8669	 -0.4328	  1.0000
  3.5951	  4.5483	 -3.1916	 -0.4973	  0.0000
  3.8334	  4.5483	 -3.0680	  0.5854	  0.0000
  4.0717	  4.5483	 -2.8616	  1.3002	  0.0000
  4.3100	  4.5483	 -2.6766	  1.8224	  0.0000
  4.5483	  4.5483	 -2.4060	  2.5160	  0.0000
  4.7866	  4.5483	 -1.6052	  2.4884	  0.0000
  5.0249	  4.5483	 -1.5915	  2.1107	  0.0000
  5.2632	  4.5483	 -1.2002	  1.7851	  0.0000
  5.5015	  4.5483	 -0.8645	  1.5475	  0.0000
  5.7397	  4.5483	 -0.8841	  1.4420	  0.0000
  5.9780	  4.5483	 -0.6254	  1.4572	  0.0000
  6.2163	  4.5483	 -0.3544	  1.3745	  0.0000
  6.4546	  4.5483	 -0.0432	  1.0495	  0.0000
  6.6929	  4.5483	 -0.0455	  0.9049	  0.0000
  0.2590	  4.3100	  0.0519	 -0.1291	  0.0000
  0.4973	  4.3100	 -0.0073	 -0.0994	  0.0000
  0.7356	  4.3100	  0.0884	 -0.1878	  0.0000
  0.9739	  4.3100	  0.0480	 -0.3176	  0.0000
  1.2122	  4.3100	 -0.0338	 -0.8080	  1.0000
  1.4505	  4.3100	  0.0354	 -1.2995	  0.0000
  1.6888	  4.3100	 -0.2889	 -1.2354	  1.0000
  1.9271	  4.3100	 -0.3764	 -1.4579	  1.0000
  2.1654	  4.3100	 -0.7833	 -2.1673	  0.0000
  2.4036	  4.3100	 -0.8834	 -2.1069	  0.0000
  2.6419	  4.3100	 -0.0383	  0.0065	  0.0000
  2.8802	  4.3100	 -0.2722	 -1.3789	  1.0000
  3.1185	  4.3100	 -0.4504	 -0.9909	  1.0000
  3.3568	  4.3100	 -0.6683	 -0.4697	  1.0000
  3.5951	  4.3100	 -2.8968	  0.0340	  0.0000
  3.8334	  4.3100	 -3.1777	  1.1563	  0.0000
  4.0717	  4.3100	 -2.9246	  1.7253	  0.0000
  4.3100	  4.3100	 -2.6638	  2.4364	  0.0000
  4.5483	  4.3100	 -2.5718	  2.4791	  0.0000
  4.7866	  4.3100	 -1.3119	  2.5232	  0.0000
  5.0249	  4.3100	 -1.2215	  2.6015	  0.0000
  5.2632	  4.3100	 -0.8116	  2.1214	  0.0000
  5.5015	  4.3100	 -0.7779	  1.7504	  0.0000
  5.7397	  4.3100	 -0.7953	  1.6653	  0.0000
  5.9780	  4.3100	 -0.6241	  1.5428	  0.0000
  6.2163	  4.3100	 -0.3780	  1.4482	  0.0000
  6.4546	  4.3100	 -0.1928	  1.3477	  0.0000
  6.6929	  4.3100	 -0.0391	  1.0805	  0.0000
  0.2590	  4.0717	  0.0581	 -0.1864	  0.0000
  0.4973	  4.0717	  1.4100	 -1.2737	  0.0000
  0.7356	  4.0717	  0.1105	 -0.2499	  0.0000
  0.9739	  4.0717	  0.0933	 -0.2147	  0.0000
  1.2122	  4.0717	  0.0873	 -0.9220	  1.0000
  1.4505	  4.0717	 -0.1079	 -1.1466	  1.0000
  1.6888	  4.0717	 -2.7552	 -3.0302	  0.0000
  1.9271	  4.0717	 -1.6600	 -2.8914	  0.0000
  2.1654	  4.0717	 -2.5580	 -0.5583	  0.0000
  2.4036	  4.0717	 -0.0009	 -0.0193	  0.0000
  2.6419	  4.0717	 -0.1151	 -1.8009	  1.0000
  2.8802	  4.0717	 -1.2256	 -3.3701	  0.0000
  3.1185	  4.0717	  2.8883	  1.6430	  0.0000
  3.3568	  4.0717	  3.6016	 -3.3909	  0.0000
  3.5951	  4.0717	 -2.1865	 -0.1804	  0.0000
  3.8334	  4.0717	 -2.8703	  1.1151	  0.0000
  4.0717	  4.0717	 -2.8437	  2.2878	  0.0000
  4.3100	  4.0717	 -2.5998	  2.8147	  0.0000
  4.5483	  4.0717	 -1.6585	  2.9396	  0.0000
  4.7866	  4.0717	 -1.2367	  2.9343	  0.0000
  5.0249	  4.0717	 -0.8545	  2.6236	  0.0000
  5.2632	  4.0717	 -0.6337	  2.5639	  0.0000
  5.5015	  4.0717	 -0.5924	  2.1569	  0.0000
  5.7397	  4.0717	 -0.5287	  1.9241	  0.0000
  5.9780	  4.0717	 -0.4415	  1.6365	  0.0000
  6.2163	  4.0717	 -0.5103	  1.6839	  0.0000
  6.4546	  4.0717	 -0.1808	  1.3188	  0.0000
  6.6929	  4.0717	 -0.1558	  1.1638	  0.0000
  0.2590	  3.8334	  0.1498	 -0.1617	  0.0000
  0.4973	  3.8334	  0.0454	 -0.2439	  0.0000
  0.7356	  3.8334	  0.1625	 -0.5350	  0.0000
  0.9739	  3.8334	 -0.1315	 -1.1730	  0.0000
  1.2122	  3.8334	  2.1943	 -0.8243	  0.0000
  1.4505	  3.8334	  0.5423	 -1.3731	  0.0000
  1.6888	  3.8334	  0.1074	 -1.7584	  0.0000
  1.9271	  3.8334	 -2.5721	 -2.8713	  0.0000
  2.1654	  3.8334	 -0.0317	 -1.9161	  1.0000
  2.4036	  3.8334	 -0.1407	 -2.8851	  0.0000
  2.6419	  3.8334	 -0.2660	 -3.0319	  0.0000
  2.8802	  3.8334	 -0.0477	 -3.0885	  0.0000
  3.1185	  3.8334	  0.0408	 -1.0740	  1.0000
  3.3568	  3.8334	 -0.0904	 -0.4407	  1.0000
  3.5951	  3.8334	 -1.5587	 -0.0596	  0.0000
  3.8334	  3.8334	 -1.0034	  1.7716	  0.0000
  4.0717	  3.8334	 -0.7422	  2.5153	  0.0000
  4.3100	  3.8334	 -1.3298	  3.2865	  0.0000
  4.5483	  3.8334	 -0.8162	  2.5165	  1.0000
  4.7866	  3.8334	 -0.5887	  3.0739	  0.0000
  5.0249	  3.8334	 -0.1975	  2.8471	  0.0000
  5.2632	  3.8334	  0.0352	  2.7278	  0.0000
  5.5015	  3.8334	 -0.0361	  2.3139	  0.0000
  5.7397	  3.8334	 -0.2793	  1.9771	  0.0000
  5.9780	  3.8334	 -0.1042	  1.6382	  0.0000
  6.2163	  3.8334	 -0.1337	  1.4602	  0.0000
  6.4546	  3.8334	 -0.1540	  1.3476	  0.0000
  6.6929	  3.8334	  0.0055	  1.2351	  0.0000
  0.2590	  3.5951	  0.0634	 -0.1050	  0.0000
  0.4973	  3.5951	  0.0684	 -0.1164	  0.0000
  0.7356	  3.5951	  0.1710	 -0.2665	  0.0000
  0.9739	  3.5951	  0.1453	 -0.2820	  0.0000
  1.2122	  3.5951	  1.6321	 -0.7307	  0.0000
  1.4505	  3.5951	  0.3629	 -1.3438	  0.0000
  1.6888	  3.5951	  0.6137	 -1.7416	  0.0000
  1.9271	  3.5951	  0.1616	 -2.1715	  0.0000
  2.1654	  3.5951	  0.3263	 -1.9150	  1.0000
  2.4036	  3.5951	  0.4556	 -2.9861	  0.0000
  2.6419	  3.5951	  0.6627	 -3.0560	  0.0000
  2.8802	  3.5951	  0.9090	 -3.3084	  0.0000
  3.1185	  3.5951	  0.7334	 -3.1849	  0.0000
  3.3568	  3.5951	  2.7543	 -2.7543	  0.0000
  3.5951	  3.5951	  1.1162	 -0.9884	  0.0000
  3.8334	  3.5951	 -0.1275	  2.0674	  0.0000
  4.0717	  3.5951	 -0.5563	  2.7560	  0.0000
  4.3100	  3.5951	 -0.4612	  3.1940	  0.0000
  4.5483	  3.5951	 -0.0560	  3.4555	  0.0000
  4.7866	  3.5951	  0.0638	  3.3126	  0.0000
  5.0249	  3.5951	 -0.0286	  3.0756	  0.0000
  5.2632	  3.5951	  0.9176	  2.3760	  0.0000
  5.5015	  3.5951	  0.2192	  2.3785	  0.0000
  5.7397	  3.5951	 -0.1102	  2.0828	  0.0000
  5.9780	  3.5951	 -0.1732	  1.8852	  0.0000
  6.2163	  3.5951	 -0.0196	  1.6202	  0.0000
  6.4546	  3.5951	 -0.1270	  1.4108	  0.0000
  6.6929	  3.5951	  0.0453	  1.1388	  0.0000
  0.2590	  3.3568	  0.0914	 -0.1103	  0.0000
  0.4973	  3.3568	  0.0438	 -0.0871	  0.0000
  0.7356	  3.3568	  2.4363	 -1.1756	  0.0000
  0.9739	  3.3568	  0.3481	 -0.9557	  0.0000
  1.2122	  3.3568	  0.5108	 -1.0377	  1.0000
  1.4505	  3.3568	  0.8050	 -1.0500	  0.0000
  1.6888	  3.3568	  0.7283	 -1.5713	  0.0000
  1.9271	  3.3568	  0.3275	 -2.2890	  0.0000
  2.1654	  3.3568	 -1.5914	 -2.8827	  0.0000
  2.4036	  3.3568	  0.6612	 -2.8403	  0.0000
  2.6419	  3.3568	  2.6394	 -3.2077	  0.0000
  2.8802	  3.3568	  1.4816	 -3.0585	  0.0000
  3.1185	  3.3568	  1.6879	 -2.9252	  0.0000
  3.3568	  3.3568	  2.5591	 -0.9920	  0.0000
  3.5951	  3.3568	  1.6938	 -0.5017	  0.0000
  3.8334	  3.3568	  1.6046	  1.8939	  0.0000
  4.0717	  3.3568	  1.0866	  2.7830	  0.0000
  4.3100	  3.3568	  1.4230	  3.1013	  0.0000
  4.5483	  3.3568	  0.8766	  3.6299	  0.0000
  4.7866	  3.3568	  0.8493	  3.2847	  0.0000
  5.0249	  3.3568	  0.5528	  2.7224	  0.0000
  5.2632	  3.3568	  0.3354	  2.2852	  1.0000
  5.5015	  3.3568	  0.5144	  2.1640	  0.0000
  5.7397	  3.3568	 -0.0376	  2.0738	  0.0000
  5.9780	  3.3568	  0.0861	  1.7611	  0.0000
  6.2163	  3.3568	  0.1246	  1.5243	  0.0000
  6.4546	  3.3568	  0.0696	  1.4012	  0.0000
  6.6929	  3.3568	  0.0138	  1.2488	  0.0000
  0.2590	  3.1185	  1.2858	 -0.2209	  0.0000
  0.4973	  3.1185	  0.3770	 -0.6195	  0.0000
  0.7356	  3.1185	  1.1853	 -0.6216	  0.0000
  0.9739	  3.1185	  1.2470	 -0.6909	  0.0000
  1.2122	  3.1185	  0.9252	 -0.8116	  0.0000
  1.4505	  3.1185	  0.8446	 -1.3175	  0.0000
  1.6888	  3.1185	  0.6725	 -1.5140	  0.0000
  1.9271	  3.1185	  0.9187	 -1.5852	  0.0000
  2.1654	  3.1185	  1.0314	 -1.7663	  1.0000
  2.4036	  3.1185	  1.2489	 -2.2819	  0.0000
  2.6419	  3.1185	  2.6090	 -1.5398	  0.0000
  2.8802	  3.1185	  1.4166	  0.3435	  0.0000
  3.1185	  3.1185	  3.0702	 -1.7473	  0.0000
  3.3568	  3.1185	  3.0691	 -1.5691	  0.0000
  3.5951	  3.1185	  3.2105	 -0.1453	  0.0000
  3.8334	  3.1185	 -8.0684	  5.8125	  0.0000
  4.0717	  3.1185	  2.8471	  2.4090	  0.0000
  4.3100	  3.1185	  2.3684	  2.4424	  0.0000
  4.5483	  3.1185	  0.9062	  2.2971	  1.0000
  4.7866	  3.1185	  0.9922	  2.3096	  1.0000
  5.0249	  3.1185	  1.0828	  2.3165	  0.0000
  5.2632	  3.1185	  0.8903	  2.0370	  0.0000
  5.5015	  3.1185	  0.5140	  1.9794	  0.0000
  5.7397	  3.1185	  0.2463	  1.8916	  0.0000
  5.9780	  3.1185	  0.3473	  1.7497	  0.0000
  6.2163	  3.1185	  0.1439	  1.6527	  0.0000
  6.4546	  3.1185	  0.0851	  1.4647	  0.0000
  6.6929	  3.1185	  0.1118	  1.1677	  0.0000
  0.2590	  2.8802	  0.1635	 -0.2049	  0.0000
  0.4973	  2.8802	  0.4839	 -0.5088	  0.0000
  0.7356	  2.8802	  0.7800	 -0.5170	  1.0000
  0.9739	  2.8802	  0.1169	 -0.2849	  0.0000
  1.2122	  2.8802	  1.4844	 -0.7864	  0.0000
  1.4505	  2.8802	  1.5262	 -1.0079	  0.0000
  1.6888	  2.8802	  1.4693	 -1.1028	  0.0000
  1.9271	  2.8802	  1.2827	 -1.2814	  0.0000
  2.1654	  2.8802	  1.4967	 -1.7914	  0.0000
  2.4036	  2.8802	  1.5133	 -1.6050	  1.0000
  2.6419	  2.8802	  2.3141	 -1.9366	  0.0000
  2.8802	  2.8802	  2.4841	 -2.0677	  0.0000
  3.1185	  2.8802	  3.0684	 -1.4330	  0.0000
  3.3568	  2.8802	  3.0939	 -1.1333	  0.0000
  3.5951	  2.8802	  3.5049	  0.0022	  0.0000
  3.8334	  2.8802	  1.9896	  0.2435	  0.0000
  4.0717	  2.8802	  2.8362	  2.5461	  0.0000
  4.3100	  2.8802	  2.5314	  2.5552	  0.0000
  4.5483	  2.8802	  2.1380	  2.6410	  0.0000
  4.7866	  2.8802	  1.4530	  2.4341	  0.0000
  5.0249	  2.8802	  1.2486	  2.2241	  0.0000
  5.2632	  2.8802	  1.0277	  2.2133	  0.0000
  5.5015	  2.8802	  0.7110	  1.9831	  0.0000
  5.7397	  2.8802	  0.6537	  1.6490	  0.0000
  5.9780	  2.8802	  0.4449	  1.6152	  0.0000
  6.2163	  2.8802	  0.2627	  1.4812	  0.0000
  6.4546	  2.8802	  0.1862	  1.3640	  0.0000
  6.6929	  2.8802	  0.1718	  1.2591	  0.0000
  0.2590	  2.6419	  0.7600	 -0.3346	  1.0000
  0.4973	  2.6419	  0.2093	 -0.2511	  0.0000
  0.7356	  2.6419	  0.2784	 -0.2076	  0.0000
  0.9739	  2.6419	  0.4448	 -0.6049	  0.0000
  1.2122	  2.6419	  1.1550	 -0.7496	  0.0000
  1.4505	  2.6419	  1.3285	 -0.9775	  0.0000
  1.6888	  2.6419	  1.0991	 -1.0351	  1.0000
  1.9271	  2.6419	  1.2527	 -1.0949	  0.0000
  2.1654	  2.6419	  1.2958	 -1.3407	  0.0000
  2.4036	  2.6419	  1.9349	 -1.2315	  0.0000
  2.6419	  2.6419	  2.1942	 -1.4790	  0.0000
  2.8802	  2.6419	  2.5185	 -1.7783	  0.0000
  3.1185	  2.6419	  2.9913	 -1.0446	  0.0000
  3.3568	  2.6419	  3.1150	 -0.6682	  0.0000
  3.5951	  2.6419	  3.3359	  0.1735	  0.0000
  3.8334	  2.6419	  2.6311	  0.5913	  0.0000
  4.0717	  2.6419	  2.7664	  1.3343	  0.0000
  4.3100	  2.6419	  2.2247	  2.1393	  0.0000
  4.5483	  2.6419	  1.3737	  1.7284	  1.0000
  4.7866	  2.6419	  1.6497	  1.8976	  0.0000
  5.0249	  2.6419	  1.4653	  1.9613	  0.0000
  5.2632	  2.6419	  1.2981	  1.8560	  0.0000
  5.5015	  2.6419	  0.9237	  1.5213	  0.0000
  5.7397	  2.6419	  0.6915	  1.5961	  0.0000
  5.9780	  2.6419	  0.3344	  1.6317	  0.0000
  6.2163	  2.6419	  0.3873	  1.3808	  0.0000
  6.4546	  2.6419	  0.1791	  1.3740	  0.0000
  6.6929	  2.6419	  0.3788	  0.9209	  0.0000
  0.2590	  2.4036	  0.1542	 -0.1081	  0.0000
  0.4973	  2.4036	  0.2210	 -0.1434	  0.0000
  0.7356	  2.4036	  0.1864	 -0.2341	  0.0000
  0.9739	  2.4036	  1.5884	 -0.3096	  0.0000
  1.2122	  2.4036	  1.2002	 -0.5253	  0.0000
  1.4505	  2.4036	  1.0289	 -1.0220	  0.0000
  1.6888	  2.4036	  1.1407	 -0.7806	  0.0000
  1.9271	  2.4036	  1.5050	 -0.8386	  0.0000
  2.1654	  2.4036	  1.6460	 -0.9410	  0.0000
  2.4036	  2.4036	  2.0807	 -0.9003	  0.0000
  2.6419	  2.4036	  2.2507	 -1.0827	  0.0000
  2.8802	  2.4036	  2.1904	 -1.1347	  0.0000
  3.1185	  2.4036	  2.6926	 -0.7534	  0.0000
  3.3568	  2.4036	  2.9265	 -0.2042	  0.0000
  3.5951	  2.4036	  2.7533	  0.1445	  0.0000
  3.8334	  2.4036	  2.6997	  0.7202	  0.0000
  4.0717	  2.4036	  2.6565	  1.3657	  0.0000
  4.3100	  2.4036	  2.1158	  1.6691	  0.0000
  4.5483	  2.4036	  1.4835	  1.3785	  1.0000
  4.7866	  2.4036	  1.6533	  2.1281	  0.0000
  5.0249	  2.4036	  1.5699	  2.0376	  0.0000
  5.2632	  2.4036	  2.7579	 -1.4621	  0.0000
  5.5015	  2.4036	  1.0948	  1.3723	  0.0000
  5.7397	  2.4036	  0.7781	  1.5079	  0.0000
  5.9780	  2.4036	  0.5483	  1.5642	  0.0000
  6.2163	  2.4036	  0.4208	  1.2857	  0.0000
  6.4546	  2.4036	  0.1291	  1.2962	  0.0000
  6.6929	  2.4036	  0.2847	  1.3601	  0.0000
  0.2590	  2.1654	  1.2278	  0.0442	  0.0000
  0.4973	  2.1654	  0.2446	 -0.1655	  0.0000
  0.7356	  2.1654	  2.6320	  0.1843	  0.0000
  0.9739	  2.1654	  0.7816	 -0.5712	  0.0000
  1.2122	  2.1654	  1.2407	 -0.1957	  0.0000
  1.4505	  2.1654	  0.9864	 -0.6767	  0.0000
  1.6888	  2.1654	  1.2679	 -0.5821	  0.0000
  1.9271	  2.1654	  1.5772	 -0.6860	  0.0000
  2.1654	  2.1654	  1.7478	 -0.7969	  0.0000
  2.4036	  2.1654	  1.7650	 -0.7897	  0.0000
  2.6419	  2.1654	  1.9655	 -0.7401	  0.0000
  2.8802	  2.1654	  2.0907	 -0.5805	  0.0000
  3.1185	  2.1654	  2.4516	 -0.5439	  0.0000
  3.3568	  2.1654	  2.5918	 -0.1655	  0.0000
  3.5951	  2.1654	  2.4556	 -0.0291	  0.0000
  3.8334	  2.1654	  2.5943	  0.7942	  0.0000
  4.0717	  2.1654	 -4.0764	 -3.6077	  0.0000
  4.3100	  2.1654	  2.2665	  1.2036	  0.0000
  4.5483	  2.1654	  1.9171	  1.3398	  0.0000
  4.7866	  2.1654	  1.5598	  1.4226	  0.0000
  5.0249	  2.1654	  1.4229	  1.5108	  0.0000
  5.2632	  2.1654	  1.3455	  1.4561	  0.0000
  5.5015	  2.1654	  0.9274	  1.3081	  0.0000
  5.7397	  2.1654	  0.7957	  1.4229	  0.0000
  5.9780	  2.1654	  0.5772	  1.2090	  0.0000
  6.2163	  2.1654	  0.4425	  1.2335	  0.0000
  6.4546	  2.1654	  0.1712	  1.2323	  0.0000
  6.6929	  2.1654	  0.3780	  1.1276	  0.0000
  0.2590	  1.9271	  1.4976	  0.0991	  0.0000
  0.4973	  1.9271	  1.1068	  0.0102	  1.0000
  0.7356	  1.9271	  0.7343	 -0.3242	  0.0000
  0.9739	  1.9271	  0.6425	 -0.4719	  0.0000
  1.2122	  1.9271	  0.7339	 -0.5950	  0.0000
  1.4505	  1.9271	  0.9776	 -0.7050	  0.0000
  1.6888	  1.9271	  1.4129	 -0.3034	  0.0000
  1.9271	  1.9271	  1.1689	 -0.3860	  0.0000
  2.1654	  1.9271	  1.7115	 -0.5899	  0.0000
  2.4036	  1.9271	  1.5001	 -0.5696	  0.0000
  2.6419	  1.9271	  1.8018	 -0.5035	  0.0000
  2.8802	  1.9271	  2.0485	 -0.1938	  0.0000
  3.1185	  1.9271	  2.3207	 -0.3160	  0.0000
  3.3568	  1.9271	  2.2491	 -0.2009	  0.0000
  3.5951	  1.9271	  2.1880	  0.2439	  0.0000
  3.8334	  1.9271	  1.9398	  0.2531	  1.0000
  4.0717	  1.9271	  2.0498	  0.7809	  0.0000
  4.3100	  1.9271	  2.0083	  1.1328	  0.0000
  4.5483	  1.9271	  1.7459	  1.1112	  0.0000
  4.7866	  1.9271	  0.9165	  1.0267	  0.0000
  5.0249	  1.9271	  1.1989	  1.4411	  0.0000
  5.2632	  1.9271	  0.9854	  1.3119	  0.0000
  5.5015	  1.9271	  0.8135	  1.4782	  0.0000
  5.7397	  1.9271	  0.8181	  1.3357	  0.0000
  5.9780	  1.9271	  0.6983	  1.0235	  0.0000
  6.2163	  1.9271	 -0.1654	  1.3026	  0.0000
  6.4546	  1.9271	  0.4717	  0.7680	  0.0000
  6.6929	  1.9271	  0.3157	  0.5698	  0.0000
  0.2590	  1.6888	  1.0187	  0.0431	  1.0000
  0.4973	  1.6888	  1.0177	 -0.0326	  1.0000
  0.7356	  1.6888	  2.6972	  0.3925	  0.0000
  0.9739	  1.6888	  0.7539	 -0.2640	  0.0000
  1.2122	  1.6888	  0.8476	 -0.5832	  0.0000
  1.4505	  1.6888	  0.7878	 -0.6915	  0.0000
  1.6888	  1.6888	  0.9968	 -0.7231	  0.0000
  1.9271	  1.6888	  1.1770	 -0.6238	  0.0000
  2.1654	  1.6888	  1.2208	 -0.6882	  0.0000
  2.4036	  1.6888	  1.4813	 -0.5416	  0.0000
  2.6419	  1.6888	  1.5407	 -0.4420	  0.0000
  2.8802	  1.6888	  1.9115	 -0.0813	  0.0000
  3.1185	  1.6888	  1.9232	 -0.1792	  0.0000
  3.3568	  1.6888	  1.7710	 -0.0909	  0.0000
  3.5951	  1.6888	  1.7930	 -0.1510	  0.0000
  3.8334	  1.6888	  1.9386	  0.5688	  0.0000
  4.0717	  1.6888	  1.8437	  0.4599	  0.0000
  4.3100	  1.6888	  1.7229	  0.8275	  0.0000
  4.5483	  1.6888	  1.5924	  1.0062	  0.0000
  4.7866	  1.6888	  2.8322	 -2.8834	  0.0000
  5.0249	  1.6888	  1.2647	  1.2796	  0.0000
  5.2632	  1.6888	  0.8868	  1.3042	  0.0000
  5.5015	  1.6888	  0.8114	  1.2068	  0.0000
  5.7397	  1.6888	  0.7026	  1.1829	  0.0000
  5.9780	  1.6888	  0.5475	  1.2031	  0.0000
  6.2163	  1.6888	  0.4840	  0.8216	  0.0000
  6.4546	  1.6888	  0.4786	  0.7260	  0.0000
  6.6929	  1.6888	  0.3040	  0.7045	  0.0000
  0.2590	  1.4505	  0.2892	 -0.1267	  0.0000
  0.4973	  1.4505	  3.0331	  2.1215	  0.0000
  0.7356	  1.4505	  2.8245	  0.7931	  0.0000
  0.9739	  1.4505	  1.0077	 -0.1349	  0.0000
  1.2122	  1.4505	  1.0833	 -0.2840	  0.0000
  1.4505	  1.4505	  0.8808	 -0.3596	  0.0000
  1.6888	  1.4505	  0.8877	 -0.5048	  0.0000
  1.9271	  1.4505	  1.2737	 -0.2507	  0.0000
  2.1654	  1.4505	  1.4273	 -0.2638	  0.0000
  2.4036	  1.4505	  1.5744	 -0.3230	  0.0000
  2.6419	  1.4505	  1.5861	 -0.1903	  0.0000
  2.8802	  1.4505	  1.6482	 -0.2715	  0.0000
  3.1185	  1.4505	  1.6707	 -0.2130	  0.0000
  3.3568	  1.4505	  1.6205	 -0.2407	  0.0000
  3.5951	  1.4505	  1.8018	  0.0954	  0.0000
  3.8334	  1.4505	  1.4692	  0.2531	  0.0000
  4.0717	  1.4505	  1.5623	  0.1194	  0.0000
  4.3100	  1.4505	  1.5349	  0.4374	  0.0000
  4.5483	  1.4505	  1.4869	  0.7127	  0.0000
  4.7866	  1.4505	  0.7873	  0.5172	  1.0000
  5.0249	  1.4505	  0.9959	  0.7892	  0.0000
  5.2632	  1.4505	  0.8057	  0.9755	  0.0000
  5.5015	  1.4505	  0.8384	  1.1256	  0.0000
  5.7397	  1.4505	  0.6784	  1.1978	  0.0000
  5.9780	  1.4505	  0.5481	  1.0934	  0.0000
  6.2163	  1.4505	  0.6230	  0.7022	  0.0000
  6.4546	  1.4505	  0.5063	  0.7484	  0.0000
  6.6929	  1.4505	  0.6908	  0.5132	  0.0000
  0.2590	  1.2122	  0.2421	 -0.0932	  0.0000
  0.4973	  1.2122	  0.2440	 -0.0756	  0.0000
  0.7356	  1.2122	  2.7396	  1.2991	  0.0000
  0.9739	  1.2122	  2.8423	  2.8193	  0.0000
  1.2122	  1.2122	  0.9716	 -0.1085	  1.0000
  1.4505	  1.2122	  1.2979	 -0.0328	  0.0000
  1.6888	  1.2122	  1.0786	 -0.2931	  0.0000
  1.9271	  1.2122	  0.8279	 -0.4964	  0.0000
  2.1654	  1.2122	  1.2171	 -0.2183	  0.0000
  2.4036	  1.2122	  1.3013	 -0.1472	  0.0000
  2.6419	  1.2122	  1.3730	 -0.1616	  0.0000
  2.8802	  1.2122	  1.4041	 -0.1098	  0.0000
  3.1185	  1.2122	  1.4509	 -0.0887	  0.0000
  3.3568	  1.2122	  1.3241	  0.0380	  0.0000
  3.5951	  1.2122	  1.3985	  0.0746	  0.0000
  3.8334	  1.2122	  1.4451	  0.2992	  0.0000
  4.0717	  1.2122	  1.4879	  0.4738	  0.0000
  4.3100	  1.2122	  0.9792	  0.2168	  1.0000
  4.5483	  1.2122	  2.5912	 -2.6795	  0.0000
  4.7866	  1.2122	  0.7345	  0.4938	  1.0000
  5.0249	  1.2122	  0.9872	  0.6590	  0.0000
  5.2632	  1.2122	  0.6846	  0.8226	  1.0000
  5.5015	  1.2122	  0.6969	  1.0663	  0.0000
  5.7397	  1.2122	  0.5926	  1.0163	  0.0000
  5.9780	  1.2122	  0.4127	  1.2985	  0.0000
  6.2163	  1.2122	  0.6545	  0.8366	  0.0000
  6.4546	  1.2122	  0.5268	  0.8667	  0.0000
  6.6929	  1.2122	  0.2268	  0.7084	  0.0000
  0.2590	  0.9739	 -2.9216	 -3.0302	  0.0000
  0.4973	  0.9739	  0.3166	 -0.1205	  0.0000
  0.7356	  0.9739	  0.5515	 -0.2651	  1.0000
  0.9739	  0.9739	  0.6103	 -0.2612	  1.0000
  1.2122	  0.9739	  0.9788	 -0.0607	  0.0000
  1.4505	  0.9739	  0.8383	 -0.2295	  0.0000
  1.6888	  0.9739	  1.0567	 -0.1631	  0.0000
  1.9271	  0.9739	  1.1353	 -0.0986	  1.0000
  2.1654	  0.9739	  0.8639	 -0.6775	  0.0000
  2.4036	  0.9739	  1.2306	 -0.0618	  1.0000
  2.6419	  0.9739	  1.2775	 -0.0167	  1.0000
  2.8802	  0.9739	  1.3003	  0.0274	  1.0000
  3.1185	  0.9739	  1.2727	  0.0527	  1.0000
  3.3568	  0.9739	  1.0534	  0.0051	  1.0000
  3.5951	  0.9739	  0.9941	  0.0596	  1.0000
  3.8334	  0.9739	  0.8948	  0.1220	  1.0000
  4.0717	  0.9739	 -9.3106	 -2.9203	  0.0000
  4.3100	  0.9739	  3.0531	 -2.8406	  0.0000
  4.5483	  0.9739	  0.5552	  0.4260	  1.0000
  4.7866	  0.9739	  0.9466	  0.7840	  0.0000
  5.0249	  0.9739	  0.8178	  0.9636	  0.0000
  5.2632	  0.9739	  0.8076	  0.9646	  0.0000
  5.5015	  0.9739	  0.6834	  1.0739	  0.0000
  5.7397	  0.9739	  0.5825	  1.1659	  0.0000
  5.9780	  0.9739	  0.3798	  0.7800	  0.0000
  6.2163	  0.9739	  0.1799	  0.2332	  0.0000
  6.4546	  0.9739	  0.2800	  0.3307	  0.0000
  6.6929	  0.9739	 -3.1016	  4.4830	  0.0000
  0.2590	  0.7356	  0.1453	 -0.4059	  1.0000
  0.4973	  0.7356	 -2.8438	 -2.8401	  0.0000
  0.7356	  0.7356	  0.2446	 -0.0768	  0.0000
  0.9739	  0.7356	  0.5177	 -0.2614	  1.0000
  1.2122	  0.7356	  0.9640	 -0.0324	  0.0000
  1.4505	  0.7356	  0.9230	 -0.0878	  0.0000
  1.6888	  0.7356	  1.1088	  0.2504	  0.0000
  1.9271	  0.7356	  1.1332	  0.1146	  0.0000
  2.1654	  0.7356	  0.9802	 -0.3184	  0.0000
  2.4036	  0.7356	  1.2683	 -0.0485	  0.0000
  2.6419	  0.7356	  1.3156	  0.1489	  0.0000
  2.8802	  0.7356	  0.9891	 -0.2659	  0.0000
  3.1185	  0.7356	  1.1906	  0.0833	  1.0000
  3.3568	  0.7356	  1.0118	 -0.1446	  0.0000
  3.5951	  0.7356	  0.8525	  0.0373	  1.0000
  3.8334	  0.7356	  0.7443	  0.0842	  1.0000
  4.0717	  0.7356	  0.7169	 -2.7532	  0.0000
  4.3100	  0.7356	  1.2151	  0.5781	  0.0000
  4.5483	  0.7356	  0.9161	  0.5438	  0.0000
  4.7866	  0.7356	  0.5675	  0.8785	  0.0000
  5.0249	  0.7356	 -2.8463	  2.1038	  0.0000
  5.2632	  0.7356	 -2.6459	  2.9610	  0.0000
  5.5015	  0.7356	  0.7037	  0.7122	  0.0000
  5.7397	  0.7356	  0.5892	  0.6685	  0.0000
  5.9780	  0.7356	  0.5038	  0.5459	  1.0000
  6.2163	  0.7356	  0.2096	  0.3045	  0.0000
  6.4546	  0.7356	  0.1111	  0.1670	  0.0000
  6.6929	  0.7356	  2.7313	 -2.7271	  0.0000
  0.2590	  0.4973	 -0.1833	 -0.6197	  1.0000
  0.4973	  0.4973	  0.0983	 -0.4640	  1.0000
  0.7356	  0.4973	 -2.7072	 -2.8449	  0.0000
  0.9739	  0.4973	  2.7765	  2.6791	  0.0000
  1.2122	  0.4973	  0.5908	 -0.2089	  1.0000
  1.4505	  0.4973	  0.7189	  0.0549	  0.0000
  1.6888	  0.4973	  1.0595	  0.1009	  1.0000
  1.9271	  0.4973	  1.1103	  0.0468	  1.0000
  2.1654	  0.4973	  1.3219	  0.4503	  0.0000
  2.4036	  0.4973	  0.8877	  0.0305	  0.0000
  2.6419	  0.4973	  0.9589	  0.1283	  0.0000
  2.8802	  0.4973	  1.2532	  0.5493	  0.0000
  3.1185	  0.4973	  1.1038	  0.1254	  1.0000
  3.3568	  0.4973	  1.2238	  0.4876	  0.0000
  3.5951	  0.4973	  0.8741	  0.2720	  0.0000
  3.8334	  0.4973	  1.0024	  0.4579	  0.0000
  4.0717	  0.4973	  0.9466	  0.4616	  0.0000
  4.3100	  0.4973	  0.3274	  0.2772	  1.0000
  4.5483	  0.4973	  0.1852	  0.4145	  1.0000
  4.7866	  0.4973	  0.1387	  0.4969	  1.0000
  5.0249	  0.4973	  0.3567	  0.7085	  1.0000
  5.2632	  0.4973	  0.6021	  0.4364	  0.0000
  5.5015	  0.4973	  0.6114	  0.6344	  0.0000
  5.7397	  0.4973	  0.2699	  0.5298	  0.0000
  5.9780	  0.4973	  0.3588	  0.2453	  0.0000
  6.2163	  0.4973	  0.1671	  0.1641	  0.0000
  6.4546	  0.4973	  2.7664	 -2.7926	  0.0000
  6.6929	  0.4973	  0.5483	  0.1478	  1.0000
  0.2590	  0.2590	 -0.6084	 -1.0215	  1.0000
  0.4973	  0.2590	 -0.2311	 -0.7722	  1.0000
  0.7356	  0.2590	 -1.8016	 -2.6518	  0.0000
  0.9739	  0.2590	 -2.9599	 -2.9287	  0.0000
  1.2122	  0.2590	  2.6047	  1.1972	  0.0000
  1.4505	  0.2590	  0.6936	 -0.1376	  1.0000
  1.6888	  0.2590	  0.5022	 -0.3995	  0.0000
  1.9271	  0.2590	  0.6510	  0.0116	  0.0000
  2.1654	  0.2590	  2.6547	  2.7345	  0.0000
  2.4036	  0.2590	  1.1189	  0.1351	  1.0000
  2.6419	  0.2590	  0.7960	  0.1540	  0.0000
  2.8802	  0.2590	  0.7744	  0.2694	  0.0000
  3.1185	  0.2590	  0.7805	  0.2907	  0.0000
  3.3568	  0.2590	  1.0438	  0.5041	  0.0000
  3.5951	  0.2590	  0.8028	  0.5159	  0.0000
  3.8334	  0.2590	  0.8590	  0.5105	  0.0000
  4.0717	  0.2590	  0.8304	  0.8884	  0.0000
  4.3100	  0.2590	 -2.8494	  2.8223	  0.0000
  4.5483	  0.2590	 -2.7303	  2.7438	  0.0000
  4.7866	  0.2590	  0.7031	  0.8760	  0.0000
  5.0249	  0.2590	  0.5758	  0.6922	  0.0000
  5.2632	  0.2590	  0.4114	  0.5017	  0.0000
  5.5015	  0.2590	  0.6048	  0.8332	  0.0000
  5.7397	  0.2590	  0.2677	  0.1782	  0.0000
  5.9780	  0.2590	  0.1708	  0.1059	  0.0000
  6.2163	  0.2590	  2.7238	 -2.7195	  0.0000
  6.4546	  0.2590	  0.5427	  0.0894	  1.0000
  6.6929	  0.2590	  0.5716	 -0.0471	  1.0000
